                                                                                                                                            
                                                                                                                                            
                                                                                                                                            
                                                                                                   11                                       
                                              110000000000110000000000000000000000000000000000000001100000011                               
                                         11110111000000001111101100000000000011100000000000000000001111001111                               
                                       1111111111000000001111111100000000000011110000011000000011111111111111                               
                                 11110111111111100000000011011111000000011111011111111110000000111111111111111                              
                              111111111111111111110000000110011111110110111111111111111111011000111111111111111                             
                              111111111101111111110000000001111001110110011111111111111111111100111111111110111                             
                             11111111111111111111011000011111111011111111100111111111111111111001111111111101111                            
                           111111111111111111111111100001111111111111111111111111111111111111111111111111111111111                          
                          11111111111111111101111111000001111111111111111111111111111111111111111111111111111111110011                      
                          11111111111101111111111111100110011111111111111111111111111111111111111111101111111111111111                      
                           11111111111111110111111111001100111111111111111111101111111111111111111111111111111111111111111                  
                           11111111111101111111111111011111111111111111111111111111111111111110111111111111111110111111111                  
                      11101111101111011111111111111111111110001111111111111111111111111111111111111111111111111111111111111                 
                     11111111111111111111111111111111111111111111111111101111111111011111111111111111111111111111110111111111011            
                     111111101111111111111111111111011111111111111111111111111111111110111111111111111111111111111011111111111111           
                      11111111111110111111111111101111111111111111110111111111111101111111111111111011111111111111111111111111111           
                     1111111111111111011111111111111111111111111111101111111110110111111101111111111111111111111111111111111111011          
                     1111111111111111111111111111111110111101111111111111111111111111111111111111111111111111111111111111111111111          
                    11111111111111111111111111111111111111111111111111111111111111111011111111011110111111111111111110111111111111          
                    1111111111111111111111111111111111101111111111111101111111111111111111111111111111111111111111011111111111111           
               110111111111111110110111011111111111111111110111111111111111111111111111111111111111111111111111111111111111111111           
               110111111111111111111111111101111111111111111111111111111110110111111111111111111111110111111111111111011111111111           
            11111111111111111111111101111111111011111111111111111110110111111111111111111111111111111111111111111101111111111111            
            111111111111111111111110111111111111111111111111111111111110111111111111111111101101111111111111111111111111111111111           
            111110111111111111111111111111111111111111111111111101111111111111111111111111111111111110111111111111111111111111111           
           1111110111111111111111111011111111101111111111111111111110111111111111111111111111111111011111111111111111111111111111           
           1111111111111101111111111111111110111111111111111111111111101111111011111111111111111111111111111111111101111111111111           
           1111111111111111111111111111111111111111111111111111111111111111111111111111111111111111111111111111111111111111011111111        
         11111111111111111111111111111111111111111111111111110111111111110111111111111111111111111111111111111111111111111111111111111      
         11111111111111111111111111111111111111111111111111111111111111111111111111111111111111111111111111111111111111111111111111111      
       1111111111111111110111111111111111111111111111111110111111111111111111111111111111110111111111111111111111111111111101111100011      
      111111111111111111111111111111111111111111111111111111111111111111111111111111111111111111111111111111111111111101111111111000011     
      111111111111111111111111111111111111111111011111111111111111111111110111111101111110111111111111111111011111111111111101111000011     
       111111111111111111111111111111111111111111111111111111111111111111111111111111111111111111111111111111110111111111111111110000111    
       111111111110111111111111111011111111111111111110111110111111111111111101111111111111101110111101101111111111111111111111110011111    
      11111110111111111111111111111111111111111111111111111111111111111111111111111111111111111111111111110111111111111111111111011111111   
      11111111111111111111111110111111111111111111111111111111111111111011111111111111111111111111111111111111111111111111111111011111111   
           111111111111111111111111111111111111111110111111111111111111111111111111111111111111111111111111111111111111011111111011111111   
            11111111111111111111111111111111111111101111111111111111111111111111111111111111101111111111111111111111111111111111111111111   
           111111111111111111111111111111111111111111111111101111111111111111111111111111111111111101111111111111111111111111111111111      
         111111111111111111111111111110111011111111111111111111111111111111111111111111111111111111111111111111111101101101111011111        
       111111111111111111111111111110111111111111111111111111111111111110111111111111111111111110111111111111111111111111111111110111       
       111111111111101111111111111111111111111111111111111011111101111111111111111111111111111111111111111111111111111111111111011111       
      111111111011011111110111111111111111110111111101111111111111111011111111111111111111101111111111111111111111111111111111111111        
      11111111111111111111111111111111011111111111101111111111111111111111111111111111111111111111111111111111111111111111111111111         
     111111111111111111111111111111111111111111111111111111111111011111111111111111111111111111111111111110111111111111111111111111         
     111111111111111111111011111111111111111111111110111111110111111110111111111111101111111111111111111111111111111111111111111111         
         1111111111110111110111111111111111111111111111111111111011111111111111111111111111111111111111111111111111111111111111111          
           11111101111111111111111111111111111111111111111111111111111111111111110111111111111111111111111111111111111111111110111          
            1111111111111111111111111111111111111111111011111011111111011111111111111111111111111111111101111111111111111101111111          
           11111111111111111111111111111111111111111111111110111111111111111111111111111110111111111111111011111111111111111111111          
           1111111111111111111111101111101111011011011111111111111111111111011111111110111111111111111111111111111111111111111111           
              1111111111111011111111111111111111111111111111111111111111111111111111111111111111111111111111111111111111111111              
              11111111111111111011111111111111111111110111111111111111111111111111111111111111111111111111111111111111101111011             
              1111111111111111111111111111111111111111111011111111111111111111111110110110111111011111111111111111111111111111111           
               111111111111111111111111111111111111111111111111111111111111111111111111111111111111111111111111111111111111111111           
               1111111111111111111111111111101111111111111111111111111111111101111111111111111111111111111111111111111111011111111011       
              11111111111111111111111111111111111111111111101101111011111111111111111111111111111111111111111111111111111111111111111       
              11111111111111111111111111111111111111111101111110110111111111110011111111111111111011111111111111111111111111111111111       
             11111111111111111011111111111011111111111111111111100011111111111111111111111111111111111111111111101101111111111111111        
             11111111111111111111111111111111111101111111111111100011111000011111111110001111111111111111111111111111111111111111111        
              11011111111011111111111111111111111101101111011000000111110000111100000011111111111111111111111111111111111111111111111       
                  11111111111111111111111111111111111111110000000000110000000000000000111111111111111111111111111111111111111111111111      
             1111111111111111111111111111111111011111111111100000000000000000000011111011111111111111111111111111111111111111111111111      
             111111101111111011011011111110111111111101111111000000000000000000001111111111111111111111111111111111110111111111011011       
              111111111111111111111111101111111111111111111110000000000000000000001111111111111111011111111111111111111111111111111111      
              11111111111110111111111111111111111101111111110000000000000000000000011111111111111111111111110111111111111111111111111111    
              11111110111111111111110111111111111111111111100000000000000000000000011011111111111111111111111111011110111111111111111111    
              111110111111111111111111111111101111111111111000000000000000000000111111111111111111111111111111111111111111111111110011      
            1111111111111101111111111111111111110111111011000000000000000000000011111111111011111111111111111111111111111111111111          
            1111111111111111111111111110111111111111111111110000000000000000000111111111111111111111111111111111111111111111111111          
            1111111111111111111111111111111111101111111111110000000000000000000111111111110111111111111111111111111111111111111111          
            111111111110110111111111111111111111111111111111100000000000000000011110111111111111111111111111111111111111111111111           
          11011110111111111111111111111111111111111111111111110000000000000011111111111111111111111111111111111111111111111111111           
          1111111111111111111111111111111111111111111111011111000000000000001111111111111111111111111111111111111111111111111111            
          111111111111111111101101111111111111111111111111111100000000000011111111101111111111111111111101111111111111111111111111          
          111111111111111111110111111111111111111111111111110000000000000111111111111111111111111111111111111111111111111111111111          
        11111111111111111111111111111110111111111101111111111100001100011111111111111111111111111111101111111111111111111111111111111       
       111111111111111111111111111111111111111111111111111111110111100011110111111011111111111111111111111111111111111101111111111111       
       111111111111111111111111111111111111111111111111111111110111111111111011111111111111111111111111111111111111111111111111111111       
          11111111111111111111111111111111111111111111111111111111111111111111111111111111111111111111111111111111111111111111111111111     
          11111111111111111111111111111111111111111111111110111111111111111111111111111101111111111101111111111111111111111111111001111     
            111111111011111011011111101111111111111111111111111111101111111111101111111111111111111111111111111111111111111111111           
            1111111111111111111111111111111111111111111111111111111111111111111111111111111110111111111111111111111111111111111             
             11111111111111111111111111111111111111111111101111111111111111111111111111111111111111111111111111111011111111111111           
          11111111111011111111111111111111111111111111111111111111101111111111111111111011111111111111111111111101111111111111111           
         1111111111111111111111111111111111111111111111011111111111111111111011111111111111111111111111111111111111111111111111110011       
         11101111111111111111101111111111111111110111111111111111111111111111111011111111111111111111011111111111111111111111111100111      
             1111111111111111111111111111111011111111111111111111111111111111111111100111111111111111111111111111111111111111101111111      
             1111111111111111111111111111111111111011111111111111111111111111111111111111111111111111111111111111111111111111111111111      
           111111111111111111111111111111111111111111111111111111111111111111111111111111111111111111111111111111111111111111111111111      
           11111111111111111111111111111111111111111111111111111111111111111111111111111111111111111111111111111111111111101111111111       
        1101111111110111111111111111111111111111111111111111111111111111111111111111111111111111111111111111111111111111111111111           
      111111111111111111111111111111111111111111111111111011111111111111111111111101111111111111011111111111111111111111111111111           
     1111111101110111101111111111111111111111111111111111111111111111111111111111111111111111111110111111111111111011011111111111           
     11111111111111111111111111111111110111111111111111111111111011111011111111111111111111111111111111111110111111011111111111111          
        111111111111111111111111111111111011111111111111101111111111111111111111111111111111111111111111111111111111111111011111111         
          1111111111111111111111111111111111111111111111111111111110111111111111101111111111110111111111111111111111111111110111111         
         11111111111111111111111111111111111111011111111111111111111111111111111111111111111111101111111111111111111111110110111            
         11111111101111111111111111111111111111111111111111111111111111111111111111111111111111111111111111111111111111111111111            
          1111011111111111111111111111111111111111110111111111111111111101101111111111111111111111111111111111111111111111111111111         
          1111111111111111111111111111111111111111111111111111111111111111111111111111111111111111111111111111111111111111111111111         
            111111111111111111111111111111111111111011111111111111111111111111101111111111110111111111111111111111111111111111011           
        1111111111111111111111111111111111101111101111111111111111111111111111111111111111111111111111111111111111111111111111111           
        11111111111111111111111111111111101111111111111111111111111111111111111111111111111111111111111111111111111111111111111111          
         11111111111111111111111111111111111111111111111111111111111111111111111111111111111111111111111111111111011111111111111111         
         11111111110111101111111111111011111111011111111111111111111111111111111111111111111111111111111111111111111111111111110111         
            1111111111111111111111111111111111011111111111111111111111111111111111111111111111111111111111111111111111111111110011          
            111111111111111111111111111111111111111111111111111111111110111111111111111111111111111111111111111111111111111111              
           111111111111111111111111111111111111111111111111111111111111111111111111111111111111111111111111111111111111111111               
           111111111111111111111111111111111111111111111111111111111111111111111111111111111111111111111111111111111111111111               
         111111111111011111111111111111111111111011111111111101111111011111111111111111111111111111111111111111111111111011                 
         11111111111111011101111111111110111111111111111111111111011111111111111111111111111111111111011011111100111111                     
         111111111111111111111111111111111111111111111111111110111111111111111111111111111111111111111111111111111111111011                 
         111111111111111111111111111111111111111011111111111101111111111111111111111111111111111111111111111111111111111111                 
           1111111111111111111111110111111111111111011111111111111101111111111111111111111111111111111111111111111111111111                 
            11111111111111111111111111111111111111111011111111111111111111111111111111111111011111111111111111111111111111                  
            11111111111011111111111111111111111111111111111111111111111111111111111111111111111111111111111111101111111011                  
            11111111111111111111111111111111111111111111011111111111111111111111110111101111111111111111111111101101111011                  
            1110111111111111111111111111011111111111111111111111111111111111111111111111111111111111111111101111100111                      
             1101111111101111111111111111111111111111111111111011111111110111110111111111111111111111111111111111                           
                   1111111111101111111111111101111111110111111111110110111111111111111101111011111111111111111111                           
                    111111111111111111111111111111111111111111111111111111110111111111111111111111111111111111111                           
                    111101111111111111111111111111111111111111111111111111111111110111111111111111111111110111111                           
                   1111111111111111111111111111111111011111111111111111111111111111111111101111111111111111111111                           
                   11111111111111111111111111111011111111111111111111111111111111111111101111111111111011111111111                          
                      11111111111110111111111111111111111111111110111111001111111100111111111111011111111111100111                          
                      1110011111111111001111111111111000111111111111110000111111111011111111111111111111101100011                           
                      11000111111111000011111111000000000011111111111111100111111111000001100011111111011                                   
                           110111110000111111111000000000111111111111111111111110111000000000001111110011                                   
                              11111000011111111100000000011111101111011111111111000000000000000111111                                       
                               1100000001111110000000000001100001110111111111011000000000000000000011                                       
                                        11110000000000000000000001101111111                                                                 
                                         1100000000000000000000000000011                                                                    
                                                                      11                                                                    
                                                                      11                                                                    
